created: 20230324064307432
creator: Gezi
difficulty: 5.1000000000000005
due: 20230402071517543
grade: 1
history: [{"due":"20230326172458892","interval":0,"difficulty":5,"stability":2,"retrievability":1,"grade":-1,"lapses":0,"reps":1,"review":"20230324172458892"}]
interval: 2
lapses: 0
modified: 20230327071517543
modifier: Gezi
reps: 2
retrievability: 0.9
review: 20230327071517543
stability: 5.512139752431654
tags: Golang面试 map ?
title: map 内存模型
type: text/vnd.tiddlywiki


[img[map内存模型图.png]]